40 92 
40 93 
40 94 
40 95 
40 96 
41 92 
41 93 
41 94 
41 95 
41 96 
42 92 
42 93 
42 94 
42 95 
42 96 
43 34 
43 35 
43 36 
43 37 
43 38 
40 34 
40 35 
40 36 
40 37 
40 38 
41 34 
41 35 
41 36 
41 37 
41 38 
42 34 
42 35 
42 36 
42 37 
42 38 
43 32 
43 33 
40 32 
40 33 
41 32 
41 33 
42 32 
42 33 
43 74 
43 75 
43 76 
43 77 
43 78 
40 74 
40 75 
40 76 
40 77 
40 78 
41 74 
41 75 
41 76 
41 77 
41 78 
42 74 
42 75 
42 76 
42 77 
42 78 
40 70 
40 71 
40 72 
40 73 
41 70 
41 71 
41 72 
41 73 
42 70 
42 71 
42 72 
42 73 
43 70 
43 71 
43 72 
43 73 
43 65 
43 66 
43 67 
43 68 
43 69 
43 61 
43 62 
43 63 
43 64 
43 56 
43 57 
43 58 
43 59 
43 60 
43 52 
43 53 
43 54 
43 55 
43 47 
43 48 
43 49 
43 50 
43 51 
43 43 
43 44 
43 45 
43 46 
43 39 
43 40 
43 41 
43 42 
40 65 
40 66 
40 67 
40 68 
40 69 
41 65 
41 66 
41 67 
41 68 
41 69 
42 65 
42 66 
42 67 
42 68 
42 69 
40 61 
40 62 
40 63 
40 64 
41 61 
41 62 
41 63 
41 64 
42 61 
42 62 
42 63 
42 64 
40 56 
40 57 
40 58 
40 59 
40 60 
41 56 
41 57 
41 58 
41 59 
41 60 
42 56 
42 57 
42 58 
42 59 
42 60 
40 47 
40 48 
40 49 
40 50 
40 51 
41 47 
41 48 
41 49 
41 50 
41 51 
42 47 
42 48 
42 49 
42 50 
42 51 
40 43 
40 44 
40 45 
40 46 
41 43 
41 44 
41 45 
41 46 
42 43 
42 44 
42 45 
42 46 
40 52 
40 53 
40 54 
40 55 
41 52 
41 53 
41 54 
41 55 
42 52 
42 53 
42 54 
42 55 
40 39 
40 40 
40 41 
40 42 
41 39 
41 40 
41 41 
41 42 
42 39 
42 40 
42 41 
42 42 
43 88 
43 89 
43 90 
43 91 
43 83 
43 84 
43 85 
43 86 
43 87 
43 79 
43 80 
43 81 
43 82 
40 88 
40 89 
40 90 
40 91 
41 88 
41 89 
41 90 
41 91 
42 88 
42 89 
42 90 
42 91 
40 83 
40 84 
40 85 
40 86 
40 87 
41 83 
41 84 
41 85 
41 86 
41 87 
42 83 
42 84 
42 85 
42 86 
42 87 
40 79 
40 80 
40 81 
40 82 
41 79 
41 80 
41 81 
41 82 
42 79 
42 80 
42 81 
42 82 
43 115 
43 110 
43 111 
43 112 
43 113 
43 114 
43 101 
43 102 
43 103 
43 104 
43 105 
43 97 
43 98 
43 99 
43 100 
43 92 
43 93 
43 94 
43 95 
43 96 
40 115 
41 115 
42 115 
40 110 
40 111 
40 112 
40 113 
40 114 
41 110 
41 111 
41 112 
41 113 
41 114 
42 110 
42 111 
42 112 
42 113 
42 114 
40 106 
40 107 
40 108 
40 109 
41 106 
41 107 
41 108 
41 109 
42 106 
42 107 
42 108 
42 109 
40 101 
40 102 
40 103 
40 104 
40 105 
41 101 
41 102 
41 103 
41 104 
41 105 
42 101 
42 102 
42 103 
42 104 
42 105 
40 97 
40 98 
40 99 
40 100 
41 97 
41 98 
41 99 
41 100 
42 97 
42 98 
42 99 
42 100 
43 106 
43 107 
43 108 
43 109 
