424 70 
424 71 
424 72 
424 73 
425 70 
425 71 
425 72 
425 73 
426 70 
426 71 
426 72 
426 73 
427 70 
427 71 
427 72 
427 73 
450 83 
450 84 
450 85 
450 86 
450 87 
451 83 
451 84 
451 85 
451 86 
451 87 
450 79 
450 80 
450 81 
450 82 
451 79 
451 80 
451 81 
451 82 
445 83 
445 84 
445 85 
445 86 
445 87 
446 83 
446 84 
446 85 
446 86 
446 87 
447 83 
447 84 
447 85 
447 86 
447 87 
448 83 
448 84 
448 85 
448 86 
448 87 
449 83 
449 84 
449 85 
449 86 
449 87 
424 60 
425 60 
426 60 
427 60 
441 83 
441 84 
441 85 
441 86 
441 87 
442 83 
442 84 
442 85 
442 86 
442 87 
443 83 
443 84 
443 85 
443 86 
443 87 
444 83 
444 84 
444 85 
444 86 
444 87 
424 61 
424 62 
424 63 
424 64 
425 61 
425 62 
425 63 
425 64 
426 61 
426 62 
426 63 
426 64 
427 61 
427 62 
427 63 
427 64 
450 74 
450 75 
450 76 
450 77 
450 78 
451 74 
451 75 
451 76 
451 77 
451 78 
445 79 
445 80 
445 81 
445 82 
446 79 
446 80 
446 81 
446 82 
447 79 
447 80 
447 81 
447 82 
448 79 
448 80 
448 81 
448 82 
449 79 
449 80 
449 81 
449 82 
441 79 
441 80 
441 81 
441 82 
442 79 
442 80 
442 81 
442 82 
443 79 
443 80 
443 81 
443 82 
444 79 
444 80 
444 81 
444 82 
424 65 
424 66 
424 67 
424 68 
424 69 
425 65 
425 66 
425 67 
425 68 
425 69 
426 65 
426 66 
426 67 
426 68 
426 69 
427 65 
427 66 
427 67 
427 68 
427 69 
450 70 
450 71 
450 72 
450 73 
451 70 
451 71 
451 72 
451 73 
450 65 
450 66 
450 67 
450 68 
450 69 
451 65 
451 66 
451 67 
451 68 
451 69 
450 61 
450 62 
450 63 
450 64 
451 61 
451 62 
451 63 
451 64 
450 60 
451 60 
445 74 
445 75 
445 76 
445 77 
445 78 
446 74 
446 75 
446 76 
446 77 
446 78 
447 74 
447 75 
447 76 
447 77 
447 78 
448 74 
448 75 
448 76 
448 77 
448 78 
449 74 
449 75 
449 76 
449 77 
449 78 
445 70 
445 71 
445 72 
445 73 
446 70 
446 71 
446 72 
446 73 
447 70 
447 71 
447 72 
447 73 
448 70 
448 71 
448 72 
448 73 
449 70 
449 71 
449 72 
449 73 
445 65 
445 66 
445 67 
445 68 
445 69 
446 65 
446 66 
446 67 
446 68 
446 69 
447 65 
447 66 
447 67 
447 68 
447 69 
448 65 
448 66 
448 67 
448 68 
448 69 
449 65 
449 66 
449 67 
449 68 
449 69 
445 61 
445 62 
445 63 
445 64 
446 61 
446 62 
446 63 
446 64 
447 61 
447 62 
447 63 
447 64 
448 61 
448 62 
448 63 
448 64 
449 61 
449 62 
449 63 
449 64 
445 60 
446 60 
447 60 
448 60 
449 60 
441 74 
441 75 
441 76 
441 77 
441 78 
442 74 
442 75 
442 76 
442 77 
442 78 
443 74 
443 75 
443 76 
443 77 
443 78 
444 74 
444 75 
444 76 
444 77 
444 78 
441 70 
441 71 
441 72 
441 73 
442 70 
442 71 
442 72 
442 73 
443 70 
443 71 
443 72 
443 73 
444 70 
444 71 
444 72 
444 73 
441 65 
441 66 
441 67 
441 68 
441 69 
442 65 
442 66 
442 67 
442 68 
442 69 
443 65 
443 66 
443 67 
443 68 
443 69 
444 65 
444 66 
444 67 
444 68 
444 69 
441 60 
442 60 
443 60 
444 60 
437 70 
437 71 
437 72 
437 73 
438 70 
438 71 
438 72 
438 73 
439 70 
439 71 
439 72 
439 73 
440 70 
440 71 
440 72 
440 73 
437 65 
437 66 
437 67 
437 68 
437 69 
438 65 
438 66 
438 67 
438 68 
438 69 
439 65 
439 66 
439 67 
439 68 
439 69 
440 65 
440 66 
440 67 
440 68 
440 69 
437 61 
437 62 
437 63 
437 64 
438 61 
438 62 
438 63 
438 64 
439 61 
439 62 
439 63 
439 64 
440 61 
440 62 
440 63 
440 64 
437 60 
438 60 
439 60 
440 60 
432 65 
432 66 
432 67 
432 68 
432 69 
433 65 
433 66 
433 67 
433 68 
433 69 
434 65 
434 66 
434 67 
434 68 
434 69 
435 65 
435 66 
435 67 
435 68 
435 69 
436 65 
436 66 
436 67 
436 68 
436 69 
432 61 
432 62 
432 63 
432 64 
433 61 
433 62 
433 63 
433 64 
434 61 
434 62 
434 63 
434 64 
435 61 
435 62 
435 63 
435 64 
436 61 
436 62 
436 63 
436 64 
432 60 
433 60 
434 60 
435 60 
436 60 
428 65 
428 66 
428 67 
428 68 
428 69 
429 65 
429 66 
429 67 
429 68 
429 69 
430 65 
430 66 
430 67 
430 68 
430 69 
431 65 
431 66 
431 67 
431 68 
431 69 
428 61 
428 62 
428 63 
428 64 
429 61 
429 62 
429 63 
429 64 
430 61 
430 62 
430 63 
430 64 
431 61 
431 62 
431 63 
431 64 
441 61 
441 62 
441 63 
441 64 
442 61 
442 62 
442 63 
442 64 
443 61 
443 62 
443 63 
443 64 
444 61 
444 62 
444 63 
444 64 
428 60 
429 60 
430 60 
431 60 
437 83 
437 84 
437 85 
437 86 
437 87 
438 83 
438 84 
438 85 
438 86 
438 87 
439 83 
439 84 
439 85 
439 86 
439 87 
440 83 
440 84 
440 85 
440 86 
440 87 
437 79 
437 80 
437 81 
437 82 
438 79 
438 80 
438 81 
438 82 
439 79 
439 80 
439 81 
439 82 
440 79 
440 80 
440 81 
440 82 
437 74 
437 75 
437 76 
437 77 
437 78 
438 74 
438 75 
438 76 
438 77 
438 78 
439 74 
439 75 
439 76 
439 77 
439 78 
440 74 
440 75 
440 76 
440 77 
440 78 
432 83 
432 84 
432 85 
432 86 
432 87 
433 83 
433 84 
433 85 
433 86 
433 87 
434 83 
434 84 
434 85 
434 86 
434 87 
435 83 
435 84 
435 85 
435 86 
435 87 
436 83 
436 84 
436 85 
436 86 
436 87 
432 79 
432 80 
432 81 
432 82 
433 79 
433 80 
433 81 
433 82 
434 79 
434 80 
434 81 
434 82 
435 79 
435 80 
435 81 
435 82 
436 79 
436 80 
436 81 
436 82 
432 74 
432 75 
432 76 
432 77 
432 78 
433 74 
433 75 
433 76 
433 77 
433 78 
434 74 
434 75 
434 76 
434 77 
434 78 
435 74 
435 75 
435 76 
435 77 
435 78 
436 74 
436 75 
436 76 
436 77 
436 78 
432 70 
432 71 
432 72 
432 73 
433 70 
433 71 
433 72 
433 73 
434 70 
434 71 
434 72 
434 73 
435 70 
435 71 
435 72 
435 73 
436 70 
436 71 
436 72 
436 73 
428 83 
428 84 
428 85 
428 86 
428 87 
429 83 
429 84 
429 85 
429 86 
429 87 
430 83 
430 84 
430 85 
430 86 
430 87 
431 83 
431 84 
431 85 
431 86 
431 87 
428 79 
428 80 
428 81 
428 82 
429 79 
429 80 
429 81 
429 82 
430 79 
430 80 
430 81 
430 82 
431 79 
431 80 
431 81 
431 82 
428 74 
428 75 
428 76 
428 77 
428 78 
429 74 
429 75 
429 76 
429 77 
429 78 
430 74 
430 75 
430 76 
430 77 
430 78 
431 74 
431 75 
431 76 
431 77 
431 78 
428 70 
428 71 
428 72 
428 73 
429 70 
429 71 
429 72 
429 73 
430 70 
430 71 
430 72 
430 73 
431 70 
431 71 
431 72 
431 73 
424 79 
424 80 
424 81 
424 82 
425 79 
425 80 
425 81 
425 82 
426 79 
426 80 
426 81 
426 82 
427 79 
427 80 
427 81 
427 82 
424 74 
424 75 
424 76 
424 77 
424 78 
425 74 
425 75 
425 76 
425 77 
425 78 
426 74 
426 75 
426 76 
426 77 
426 78 
427 74 
427 75 
427 76 
427 77 
427 78 
424 83 
424 84 
424 85 
424 86 
424 87 
425 83 
425 84 
425 85 
425 86 
425 87 
426 83 
426 84 
426 85 
426 86 
426 87 
427 83 
427 84 
427 85 
427 86 
427 87 
